#data file

let T := 188;

# --- SAM parameters ----
let day_of_year := 0;
let csu_cost := 10000;
let disp_time_weighting := 0.99;
let eta_cycle := 0.411321;
let gamma := 0;
let gammac := 1;
let M := 1e+06;
let qrecmaxobs := 543404;
let W_dot_cycle := 114811;
let Z_1 := 1.00959;
let Z_2 := -0.0129642;
let max_down := 3;
let max_down_v := 0;
let max_up := 3;
let max_up_v := 0;
let pen_delta_w := 0.1;
let q0 := 0;
let rsu_cost := 950;
let tdown0 := 1000;
let tstby0 := 0;
let tup0 := 0;
let Wdot0 := 0;


# -------Cost Parameters ---------
let alpha := 1;
let Crec := 0;
let Crsu := 950;
let Crhsp := 195;
let Cpc := 0;
let Ccsu := 10000;
let Cchsp := 2000;
let C_delta_w := 0.1;
let C_v_w := 0.4;
let Ccsb := 0;


# -------CSP Field and Receiver Parameters ---------
let deltal := 0.2;
let Ehs := 182.35;
let Er := 139563;
let Eu := 2791260;
let Lr := 0.00910488;
let Qrl := 139563;
let Qrsb := 139563;
let Qrsd := 0;
let Qru := 697816;
let Wh := 401.17;
let Wht := 0;


# -------Power Cycle Parameters ---------
let Ec := 139563;
let eta_des := 0.411321;
let etap := 0.415266;
let Lc := 0.00128542;
let Qb := 55825.2;
let Ql := 55825.2;
let Qu := 293083;
let Wb := 71.7586;
let Wdotl := 21693.9;
let Wdotu := 120219;
let W_delta_plus := 216394.2;
let W_delta_minus := 216394.2;
let W_delta_plus := 72131.4;
let W_delta_minus := 72131.4;
let W_v_plus := 0;
let W_v_minus := 0;
let Yd := 2;
let Yu := 2;


# -------Initial Condition Parameters ---------
let s0 := 837379;
let ucsu0 := 0;
let ursu0 := 0;
let wdot0 := 0;
let yr0 := 0;
let yrsb0 := 0;
let yrsu0 := 0;
let y0 := 0;
let ycsb0 := 0;
let ycsu0 := 0;
let Yu0 := 0;
let Yd0 := 0;

#------- Time-indexed leteters --------------
param dt := 
1	0.0833333
2	0.0833333
3	0.0833333
4	0.0833333
5	0.0833333
6	0.0833333
7	0.0833333
8	0.0833333
9	0.0833333
10	0.0833333
11	0.0833333
12	0.0833333
13	0.25
14	0.25
15	0.25
16	0.25
17	0.25
18	0.25
19	0.25
20	0.25
21	0.25
22	0.25
23	0.25
24	0.25
25	1
26	1
27	1
28	1
29	1
30	1
31	1
32	1
33	1
34	1
35	1
36	1
37	1
38	1
39	1
40	1
41	1
42	1
43	1
44	1
45	1
46	1
47	1
48	1
49	1
50	1
51	1
52	1
53	1
54	1
55	1
56	1
57	1
58	1
59	1
60	1
61	1
62	1
63	1
64	1
65	1
66	1
67	1
68	1
69	1
70	1
71	1
72	1
73	1
74	1
75	1
76	1
77	1
78	1
79	1
80	1
81	1
82	1
83	1
84	1
85	1
86	1
87	1
88	1
89	1
90	1
91	1
92	1
93	1
94	1
95	1
96	1
97	1
98	1
99	1
100	1
101	1
102	1
103	1
104	1
105	1
106	1
107	1
108	1
109	1
110	1
111	1
112	1
113	1
114	1
115	1
116	1
117	1
118	1
119	1
120	1
121	1
122	1
123	1
124	1
125	1
126	1
127	1
128	1
129	1
130	1
131	1
132	1
133	1
134	1
135	1
136	1
137	1
138	1
139	1
140	1
141	1
142	1
143	1
144	1
145	1
146	1
147	1
148	1
149	1
150	1
151	1
152	1
153	1
154	1
155	1
156	1
157	1
158	1
159	1
160	1
161	1
162	1
163	1
164	1
165	1
166	1
167	1
168	1
169	1
170	1
171	1
172	1
173	1
174	1
175	1
176	1
177	1
178	1
179	1
180	1
181	1
182	1
183	1
184	1
185	1
186	1
187	1
188	1
;

param dte := 
1	0.0833333
2	0.166667
3	0.25
4	0.333333
5	0.416667
6	0.5
7	0.583333
8	0.666667
9	0.75
10	0.833333
11	0.916667
12	1
13	1.25
14	1.5
15	1.75
16	2
17	2.25
18	2.5
19	2.75
20	3
21	3.25
22	3.5
23	3.75
24	4
25	5
26	6
27	7
28	8
29	9
30	10
31	11
32	12
33	13
34	14
35	15
36	16
37	17
38	18
39	19
40	20
41	21
42	22
43	23
44	24
45	25
46	26
47	27
48	28
49	29
50	30
51	31
52	32
53	33
54	34
55	35
56	36
57	37
58	38
59	39
60	40
61	41
62	42
63	43
64	44
65	45
66	46
67	47
68	48
69	49
70	50
71	51
72	52
73	53
74	54
75	55
76	56
77	57
78	58
79	59
80	60
81	61
82	62
83	63
84	64
85	65
86	66
87	67
88	68
89	69
90	70
91	71
92	72
93	73
94	74
95	75
96	76
97	77
98	78
99	79
100	80
101	81
102	82
103	83
104	84
105	85
106	86
107	87
108	88
109	89
110	90
111	91
112	92
113	93
114	94
115	95
116	96
117	97
118	98
119	99
120	100
121	101
122	102
123	103
124	104
125	105
126	106
127	107
128	108
129	109
130	110
131	111
132	112
133	113
134	114
135	115
136	116
137	117
138	118
139	119
140	120
141	121
142	122
143	123
144	124
145	125
146	126
147	127
148	128
149	129
150	130
151	131
152	132
153	133
154	134
155	135
156	136
157	137
158	138
159	139
160	140
161	141
162	142
163	143
164	144
165	145
166	146
167	147
168	148
169	149
170	150
171	151
172	152
173	153
174	154
175	155
176	156
177	157
178	158
179	159
180	160
181	161
182	162
183	163
184	164
185	165
186	166
187	167
188	168
;

param delta_rs := 
1	1
2	1
3	1
4	1
5	1
6	1
7	1
8	1
9	1
10	1
11	1
12	1
13	1
14	1
15	1
16	1
17	1
18	1
19	1
20	1
21	1
22	1
23	1
24	1
25	1
26	1
27	1
28	0.454667
29	0.312974
30	0.278055
31	0.270024
32	0.275956
33	0.298865
34	0.374099
35	0.778769
36	1
37	1
38	1
39	1
40	1
41	1
42	1
43	1
44	1
45	1
46	1
47	1
48	1
49	1
50	1
51	1
52	0.459812
53	0.462245
54	0.306406
55	0.370813
56	0.352132
57	0.345787
58	0.414487
59	1
60	1
61	1
62	1
63	1
64	1
65	1
66	1
67	1
68	1
69	1
70	1
71	1
72	1
73	1
74	1
75	1
76	1
77	0.608294
78	0.301082
79	0.308679
80	0.275268
81	0.302545
82	0.340969
83	0.663979
84	1
85	1
86	1
87	1
88	1
89	1
90	1
91	1
92	1
93	1
94	1
95	1
96	1
97	1
98	1
99	1
100	0.43093
101	0.301839
102	0.265802
103	0.256831
104	0.263253
105	0.281256
106	0.344405
107	0.686268
108	1
109	1
110	1
111	1
112	1
113	1
114	1
115	1
116	1
117	1
118	1
119	1
120	1
121	1
122	1
123	1
124	0.846698
125	0.314924
126	0.29519
127	0.266745
128	0.372714
129	0.480172
130	0.519613
131	0.687124
132	1
133	1
134	1
135	1
136	1
137	1
138	1
139	1
140	1
141	1
142	1
143	1
144	1
145	1
146	1
147	1
148	0.457431
149	0.309242
150	0.27527
151	0.263443
152	0.266981
153	0.290993
154	0.378039
155	1
156	1
157	1
158	1
159	1
160	1
161	1
162	1
163	1
164	1
165	1
166	1
167	1
168	1
169	1
170	1
171	1
172	0.560498
173	0.412159
174	0.382222
175	0.351567
176	0.327263
177	0.340196
178	0.417186
179	0.883829
180	1
181	1
182	1
183	1
184	1
185	1
186	1
187	1
188	1
;

param twt := 
1	0.999917
2	0.999833
3	0.99975
4	0.999667
5	0.999583
6	0.9995
7	0.999417
8	0.999333
9	0.99925
10	0.999167
11	0.999083
12	0.999
13	0.99875
14	0.9985
15	0.998251
16	0.998001
17	0.997751
18	0.997502
19	0.997252
20	0.997003
21	0.996754
22	0.996504
23	0.996255
24	0.996006
25	0.99501
26	0.994015
27	0.993021
28	0.992028
29	0.991036
30	0.990045
31	0.989055
32	0.988066
33	0.987078
34	0.986091
35	0.985105
36	0.98412
37	0.983136
38	0.982152
39	0.98117
40	0.980189
41	0.979209
42	0.97823
43	0.977252
44	0.976274
45	0.975298
46	0.974323
47	0.973348
48	0.972375
49	0.971403
50	0.970431
51	0.969461
52	0.968491
53	0.967523
54	0.966555
55	0.965589
56	0.964623
57	0.963659
58	0.962695
59	0.961732
60	0.960771
61	0.95981
62	0.95885
63	0.957891
64	0.956933
65	0.955977
66	0.955021
67	0.954066
68	0.953111
69	0.952158
70	0.951206
71	0.950255
72	0.949305
73	0.948356
74	0.947407
75	0.94646
76	0.945513
77	0.944568
78	0.943623
79	0.94268
80	0.941737
81	0.940795
82	0.939854
83	0.938915
84	0.937976
85	0.937038
86	0.936101
87	0.935165
88	0.93423
89	0.933295
90	0.932362
91	0.93143
92	0.930498
93	0.929568
94	0.928638
95	0.92771
96	0.926782
97	0.925855
98	0.924929
99	0.924004
100	0.92308
101	0.922157
102	0.921235
103	0.920314
104	0.919394
105	0.918474
106	0.917556
107	0.916638
108	0.915722
109	0.914806
110	0.913891
111	0.912977
112	0.912064
113	0.911152
114	0.910241
115	0.909331
116	0.908422
117	0.907513
118	0.906606
119	0.905699
120	0.904793
121	0.903889
122	0.902985
123	0.902082
124	0.90118
125	0.900278
126	0.899378
127	0.898479
128	0.89758
129	0.896683
130	0.895786
131	0.89489
132	0.893995
133	0.893101
134	0.892208
135	0.891316
136	0.890425
137	0.889534
138	0.888645
139	0.887756
140	0.886869
141	0.885982
142	0.885096
143	0.884211
144	0.883326
145	0.882443
146	0.881561
147	0.880679
148	0.879798
149	0.878919
150	0.87804
151	0.877162
152	0.876285
153	0.875408
154	0.874533
155	0.873658
156	0.872785
157	0.871912
158	0.87104
159	0.870169
160	0.869299
161	0.86843
162	0.867561
163	0.866694
164	0.865827
165	0.864961
166	0.864096
167	0.863232
168	0.862369
169	0.861507
170	0.860645
171	0.859784
172	0.858925
173	0.858066
174	0.857208
175	0.85635
176	0.855494
177	0.854639
178	0.853784
179	0.85293
180	0.852077
181	0.851225
182	0.850374
183	0.849524
184	0.848674
185	0.847826
186	0.846978
187	0.846131
188	0.845285
;

param etaamb := 
1	0.430446
2	0.430617
3	0.43072
4	0.431228
5	0.431633
6	0.431802
7	0.432174
8	0.432545
9	0.433255
10	0.433855
11	0.434087
12	0.434518
13	0.434805
14	0.434451
15	0.434241
16	0.43475
17	0.434849
18	0.435258
19	0.435479
20	0.435969
21	0.436069
22	0.436
23	0.435855
24	0.436001
25	0.4368
26	0.437258
27	0.438252
28	0.433861
29	0.431014
30	0.43421
31	0.435926
32	0.435795
33	0.438779
34	0.437682
35	0.438773
36	0.437939
37	0.437704
38	0.433987
39	0.434933
40	0.435612
41	0.438374
42	0.437023
43	0.437667
44	0.438118
45	0.436361
46	0.437022
47	0.432411
48	0.437638
49	0.437546
50	0.431028
51	0.431121
52	0.437692
53	0.43635
54	0.435904
55	0.434842
56	0.43906
57	0.438204
58	0.437798
59	0.438809
60	0.43909
61	0.438444
62	0.436855
63	0.434525
64	0.436537
65	0.438356
66	0.4392
67	0.437739
68	0.434053
69	0.429205
70	0.429808
71	0.428774
72	0.429037
73	0.428866
74	0.429956
75	0.439141
76	0.438664
77	0.439014
78	0.436409
79	0.436524
80	0.438641
81	0.437805
82	0.438397
83	0.438915
84	0.437956
85	0.43794
86	0.433877
87	0.435632
88	0.438539
89	0.43894
90	0.435052
91	0.429795
92	0.430284
93	0.431156
94	0.432185
95	0.433024
96	0.43408
97	0.433575
98	0.434657
99	0.434393
100	0.43078
101	0.433402
102	0.43944
103	0.435379
104	0.436051
105	0.438144
106	0.438867
107	0.439274
108	0.439953
109	0.439629
110	0.439067
111	0.439182
112	0.440389
113	0.439138
114	0.438245
115	0.437247
116	0.436355
117	0.437721
118	0.439187
119	0.440302
120	0.439163
121	0.438524
122	0.439044
123	0.440053
124	0.440315
125	0.439994
126	0.439755
127	0.439024
128	0.43805
129	0.437458
130	0.437931
131	0.439098
132	0.439965
133	0.439052
134	0.433544
135	0.429916
136	0.428523
137	0.42957
138	0.429933
139	0.430994
140	0.431487
141	0.43185
142	0.432478
143	0.433187
144	0.433871
145	0.434443
146	0.438019
147	0.436355
148	0.433677
149	0.431841
150	0.434371
151	0.439693
152	0.432021
153	0.438508
154	0.438947
155	0.438058
156	0.439503
157	0.439824
158	0.434355
159	0.428421
160	0.429374
161	0.430577
162	0.431878
163	0.432852
164	0.434339
165	0.436025
166	0.436295
167	0.43666
168	0.437058
169	0.434461
170	0.432008
171	0.431426
172	0.431734
173	0.439993
174	0.437706
175	0.435472
176	0.434028
177	0.435709
178	0.438176
179	0.438982
180	0.438546
181	0.435282
182	0.436876
183	0.438065
184	0.439489
185	0.439287
186	0.432238
187	0.429494
188	0.430761
;

param etac := 
1	0.0110007
2	0.0109967
3	0.0109943
4	0.0109823
5	0.0109726
6	0.0109686
7	0.0109598
8	0.0109509
9	0.0109341
10	0.0109196
11	0.010914
12	0.0109035
13	0.0108966
14	0.0109051
15	0.0109102
16	0.0108979
17	0.0108955
18	0.0108856
19	0.0108802
20	0.0108684
21	0.010866
22	0.0108676
23	0.0108711
24	0.0108676
25	0.010849
26	0.0108383
27	0.010815
28	0.0109195
29	0.0109873
30	0.0130357
31	0.0149837
32	0.0163557
33	0.0189766
34	0.0193068
35	0.0207871
36	0.019687
37	0.0181748
38	0.0151139
39	0.0150157
40	0.0149935
41	0.0149044
42	0.014948
43	0.0149272
44	0.014175
45	0.0135387
46	0.0137436
47	0.012232
48	0.0140011
49	0.0140772
50	0.0118529
51	0.0119049
52	0.0144992
53	0.0149699
54	0.0149841
55	0.0156781
56	0.018587
57	0.0193796
58	0.0196439
59	0.0208297
60	0.0211577
61	0.0190544
62	0.0171809
63	0.015102
64	0.0149637
65	0.0149052
66	0.0148771
67	0.0139417
68	0.0127902
69	0.011309
70	0.0114785
71	0.0111223
72	0.0110338
73	0.0110416
74	0.0115058
75	0.0144912
76	0.0142566
77	0.0148827
78	0.0149681
79	0.0170136
80	0.0191428
81	0.0192196
82	0.0203483
83	0.0209532
84	0.019726
85	0.0182054
86	0.0152315
87	0.014993
88	0.0148992
89	0.0148859
90	0.0131458
91	0.0114987
92	0.0110046
93	0.0109839
94	0.0109595
95	0.0109395
96	0.0112441
97	0.0109261
98	0.0109001
99	0.0109064
100	0.0112079
101	0.0125379
102	0.0146544
103	0.0151929
104	0.0166507
105	0.0191602
106	0.0212115
107	0.0236184
108	0.0274049
109	0.0264235
110	0.0250776
111	0.0230753
112	0.0228313
113	0.0212131
114	0.019002
115	0.0174939
116	0.0149694
117	0.0149254
118	0.0148776
119	0.0147296
120	0.0148784
121	0.0148997
122	0.0148824
123	0.0148484
124	0.0148396
125	0.0148504
126	0.0148584
127	0.014883
128	0.0149152
129	0.0149341
130	0.014919
131	0.0148805
132	0.0148514
133	0.0142974
134	0.0126461
135	0.011562
136	0.0110578
137	0.0110213
138	0.0110128
139	0.0109878
140	0.0109761
141	0.0109675
142	0.0109525
143	0.0109357
144	0.0109192
145	0.0109053
146	0.0108203
147	0.0108595
148	0.0109237
149	0.0109675
150	0.0123936
151	0.0146372
152	0.0121938
153	0.0141245
154	0.0148852
155	0.0149145
156	0.0148669
157	0.0147736
158	0.0128869
159	0.011052
160	0.0110259
161	0.0109977
162	0.0109668
163	0.0109436
164	0.0109078
165	0.0108672
166	0.0108608
167	0.0108522
168	0.0108429
169	0.0109049
170	0.0109637
171	0.0109775
172	0.0120282
173	0.0147582
174	0.0149258
175	0.014998
176	0.0150455
177	0.0164933
178	0.0179734
179	0.0184624
180	0.0181991
181	0.0160263
182	0.0149528
183	0.0149145
184	0.0148674
185	0.0144356
186	0.0122302
187	0.0113412
188	0.0109932
;

param P := 
1	0.7
2	0.7
3	0.7
4	0.7
5	0.7
6	0.7
7	0.7
8	0.7
9	0.7
10	0.7
11	0.7
12	0.7
13	0.7
14	0.7
15	0.7
16	0.7
17	0.7
18	0.7
19	0.7
20	0.7
21	0.7
22	0.7
23	0.7
24	0.7
25	0.7
26	0.7
27	0.8
28	0.8
29	1.1
30	1.1
31	1.1
32	1.1
33	1.1
34	1.1
35	1.1
36	1.1
37	1.1
38	1.1
39	1.1
40	1.1
41	1.1
42	0.8
43	0.8
44	0.8
45	0.7
46	0.7
47	0.7
48	0.7
49	0.7
50	0.7
51	0.8
52	0.8
53	1.1
54	1.1
55	1.1
56	1.1
57	1.1
58	1.1
59	1.1
60	1.1
61	1.1
62	1.1
63	1.1
64	1.1
65	1.1
66	0.8
67	0.8
68	0.8
69	0.7
70	0.7
71	0.7
72	0.7
73	0.7
74	0.7
75	0.8
76	0.8
77	1.1
78	1.1
79	1.1
80	1.1
81	1.1
82	1.1
83	1.1
84	1.1
85	1.1
86	1.1
87	1.1
88	1.1
89	1.1
90	0.8
91	0.8
92	0.8
93	0.7
94	0.7
95	0.7
96	0.7
97	0.7
98	0.7
99	0.8
100	0.8
101	1.1
102	1.1
103	1.1
104	1.1
105	1.1
106	1.1
107	1.1
108	1.1
109	1.1
110	1.1
111	1.1
112	1.1
113	1.1
114	0.8
115	0.8
116	0.8
117	0.7
118	0.7
119	0.7
120	0.7
121	0.7
122	0.7
123	0.8
124	0.8
125	1.1
126	1.1
127	1.1
128	1.1
129	1.1
130	1.1
131	1.1
132	1.1
133	1.1
134	1.1
135	1.1
136	1.1
137	1.1
138	0.8
139	0.8
140	0.8
141	0.7
142	0.7
143	0.7
144	0.7
145	0.7
146	0.7
147	0.8
148	0.8
149	0.8
150	0.8
151	0.8
152	0.8
153	0.8
154	0.8
155	0.8
156	0.8
157	0.8
158	0.8
159	0.8
160	0.8
161	0.8
162	0.8
163	0.8
164	0.8
165	0.7
166	0.7
167	0.7
168	0.7
169	0.7
170	0.7
171	0.8
172	0.8
173	0.8
174	0.8
175	0.8
176	0.8
177	0.8
178	0.8
179	0.8
180	0.8
181	0.8
182	0.8
183	0.8
184	0.8
185	0.8
186	0.8
187	0.8
188	0.8
;

param Qin := 
1	0
2	0
3	0
4	0
5	0
6	0
7	0
8	0
9	0
10	0
11	0
12	0
13	0
14	0
15	0
16	0
17	0
18	0
19	0
20	0
21	0
22	0
23	0
24	0
25	0
26	0
27	0
28	46678
29	306957
30	445926
31	501926
32	516854
33	505744
34	466977
35	373065
36	179210
37	0
38	0
39	0
40	0
41	0
42	0
43	0
44	0
45	0
46	0
47	0
48	0
49	0
50	0
51	0
52	50532.4
53	303522
54	301925
55	455485
56	376370
57	396338
58	403610
59	336713
60	57125.5
61	0
62	0
63	0
64	0
65	0
66	0
67	0
68	0
69	0
70	0
71	0
72	0
73	0
74	0
75	0
76	0
77	30801.5
78	229434
79	463539
80	452131
81	507008
82	461297
83	409313
84	210192
85	0
86	0
87	0
88	0
89	0
90	0
91	0
92	0
93	0
94	0
95	0
96	0
97	0
98	0
99	0
100	50238
101	323865
102	462377
103	525064
104	543404
105	530148
106	496214
107	405229
108	203365
109	0
110	0
111	0
112	0
113	0
114	0
115	0
116	0
117	0
118	0
119	0
120	0
121	0
122	0
123	0
124	32922
125	164832
126	443164
127	472792
128	523208
129	374451
130	290652
131	268591
132	203112
133	0
134	0
135	0
136	0
137	0
138	0
139	0
140	0
141	0
142	0
143	0
144	0
145	0
146	0
147	0
148	46851.4
149	305102
150	451307
151	507005
152	529767
153	522745
154	479610
155	369177
156	124794
157	0
158	0
159	0
160	0
161	0
162	0
163	0
164	0
165	0
166	0
167	0
168	0
169	0
170	0
171	0
172	37159.3
173	248998
174	338614
175	365136
176	396975
177	426456
178	410243
179	334535
180	157907
181	0
182	0
183	0
184	0
185	0
186	0
187	0
188	0
;

param Qc := 
1	279126
2	279126
3	279126
4	279126
5	279126
6	279126
7	279126
8	279126
9	279126
10	279126
11	279126
12	279126
13	279126
14	279126
15	279126
16	279126
17	279126
18	279126
19	279126
20	279126
21	279126
22	279126
23	279126
24	279126
25	139563
26	139563
27	139563
28	139563
29	139563
30	139563
31	139563
32	139563
33	139563
34	139563
35	139563
36	139563
37	139563
38	139563
39	139563
40	139563
41	139563
42	139563
43	139563
44	139563
45	139563
46	139563
47	139563
48	139563
49	139563
50	139563
51	139563
52	139563
53	139563
54	139563
55	139563
56	139563
57	139563
58	139563
59	139563
60	139563
61	139563
62	139563
63	139563
64	139563
65	139563
66	139563
67	139563
68	139563
69	139563
70	139563
71	139563
72	139563
73	139563
74	139563
75	139563
76	139563
77	139563
78	139563
79	139563
80	139563
81	139563
82	139563
83	139563
84	139563
85	139563
86	139563
87	139563
88	139563
89	139563
90	139563
91	139563
92	139563
93	139563
94	139563
95	139563
96	139563
97	139563
98	139563
99	139563
100	139563
101	139563
102	139563
103	139563
104	139563
105	139563
106	139563
107	139563
108	139563
109	139563
110	139563
111	139563
112	139563
113	139563
114	139563
115	139563
116	139563
117	139563
118	139563
119	139563
120	139563
121	139563
122	139563
123	139563
124	139563
125	139563
126	139563
127	139563
128	139563
129	139563
130	139563
131	139563
132	139563
133	139563
134	139563
135	139563
136	139563
137	139563
138	139563
139	139563
140	139563
141	139563
142	139563
143	139563
144	139563
145	139563
146	139563
147	139563
148	139563
149	139563
150	139563
151	139563
152	139563
153	139563
154	139563
155	139563
156	139563
157	139563
158	139563
159	139563
160	139563
161	139563
162	139563
163	139563
164	139563
165	139563
166	139563
167	139563
168	139563
169	139563
170	139563
171	139563
172	139563
173	139563
174	139563
175	139563
176	139563
177	139563
178	139563
179	139563
180	139563
181	139563
182	139563
183	139563
184	139563
185	139563
186	139563
187	139563
188	139563
;

param wnet_lim_min := 
1	18401.7
2	18411.2
3	18416.9
4	18445.1
5	18467.6
6	18476.9
7	18497.6
8	18518.2
9	18557.5
10	18590.8
11	18603.7
12	18627.6
13	20102.4
14	20082.7
15	20071.1
16	20099.3
17	20104.8
18	20127.5
19	20139.8
20	20167
21	20172.5
22	20168.7
23	20160.7
24	20168.8
25	20760.1
26	20785.5
27	20840.6
28	20172
29	17644.2
30	16312.4
31	15669.3
32	15369
33	15326.6
34	15583.8
35	16326.5
36	18173.8
37	19966.7
38	20122.1
39	20183.3
40	20221.6
41	20377.5
42	20301.3
43	20337.6
44	20447.8
45	20428.2
46	20439.5
47	20369.8
48	20442.4
49	20428.8
50	20340.4
51	20339.3
52	19928
53	17499.7
54	17489.1
55	15955.3
56	16564.1
57	16246.2
58	16128.2
59	16654.5
60	19177.2
61	19904.8
62	20036
63	20151.8
64	20273.8
65	20376.5
66	20424.2
67	20454.6
68	20392.3
69	20306.7
70	20319.1
71	20305.4
72	20329.5
73	20319.5
74	20323.7
75	20465.4
76	20467.2
77	20133.3
78	18177.6
79	15817.3
80	15788.4
81	15235.9
82	15553.7
83	15984.9
84	17888.1
85	19975.7
86	20102.8
87	20222.7
88	20386.8
89	20409.5
90	20404.3
91	20316.1
92	20398.6
93	20446.9
94	20504
95	20550.6
96	20571.3
97	20581.2
98	20641.2
99	20626.6
100	19944
101	17438.2
102	16252.6
103	15405.8
104	15106.9
105	15049.9
106	15161.5
107	15735
108	17174
109	19121.2
110	19246.1
111	19482.1
112	19573.7
113	19693.5
114	19900.3
115	20020.8
116	20263.6
117	20340.7
118	20423.5
119	20499.3
120	20422.1
121	20386
122	20415.4
123	20472.5
124	20187.6
125	18968.4
126	16420.7
127	16109.6
128	15595.4
129	16916.5
130	17706.1
131	17973
132	18618.2
133	20483
134	20382
135	20315.2
136	20299.6
137	20359
138	20379.1
139	20438
140	20465.3
141	20485.5
142	20520.3
143	20559.6
144	20597.6
145	20629.3
146	20827.7
147	20735.4
148	20160.3
149	17707
150	16345.6
151	15861.5
152	15530.2
153	15714.6
154	16043.2
155	16998.4
156	19305.1
157	20469
158	20397.2
159	20294.9
160	20348.1
161	20414.8
162	20487
163	20541
164	20623.6
165	20717.2
166	20732.1
167	20752.4
168	20774.4
169	20630.4
170	20494.2
171	20461.9
172	20019.2
173	18212.6
174	17256.8
175	16889.2
176	16517.7
177	16171.7
178	16279.5
179	16955.2
180	18570.6
181	20085.7
182	20293
183	20360.1
184	20440.6
185	20479.5
186	20360.9
187	20318.3
188	20425
;

/*
param cap_frac := 
1	1
2	1
3	1
4	1
5	1
6	1
7	1
8	1
9	1
10	1
11	1
12	1
13	1
14	1
15	1
16	1
17	1
18	1
19	1
20	1
21	1
22	1
23	1
24	1
25	1
26	1
27	1
28	1
29	1
30	1
31	1
32	1
33	1
34	1
35	1
36	1
37	1
38	1
39	1
40	1
41	1
42	1
43	1
44	1
45	1
46	1
47	1
48	1
49	1
50	1
51	1
52	1
53	1
54	1
55	1
56	1
57	1
58	1
59	1
60	1
61	1
62	1
63	1
64	1
65	1
66	1
67	1
68	1
69	1
70	1
71	1
72	1
73	1
74	1
75	1
76	1
77	1
78	1
79	1
80	1
81	1
82	1
83	1
84	1
85	1
86	1
87	1
88	1
89	1
90	1
91	1
92	1
93	1
94	1
95	1
96	1
97	1
98	1
99	1
100	1
101	1
102	1
103	1
104	1
105	1
106	1
107	1
108	1
109	1
110	1
111	1
112	1
113	1
114	1
115	1
116	1
117	1
118	1
119	1
120	1
121	1
122	1
123	1
124	1
125	1
126	1
127	1
128	1
129	1
130	1
131	1
132	1
133	1
134	1
135	1
136	1
137	1
138	1
139	1
140	1
141	1
142	1
143	1
144	1
145	1
146	1
147	1
148	1
149	1
150	1
151	1
152	1
153	1
154	1
155	1
156	1
157	1
158	1
159	1
160	1
161	1
162	1
163	1
164	1
165	1
166	1
167	1
168	1
169	1
170	1
171	1
172	1
173	1
174	1
175	1
176	1
177	1
178	1
179	1
180	1
181	1
182	1
183	1
184	1
185	1
186	1
187	1
188	1
;

param eff_frac := 
1	1
2	1
3	1
4	1
5	1
6	1
7	1
8	1
9	1
10	1
11	1
12	1
13	1
14	1
15	1
16	1
17	1
18	1
19	1
20	1
21	1
22	1
23	1
24	1
25	1
26	1
27	1
28	1
29	1
30	1
31	1
32	1
33	1
34	1
35	1
36	1
37	1
38	1
39	1
40	1
41	1
42	1
43	1
44	1
45	1
46	1
47	1
48	1
49	1
50	1
51	1
52	1
53	1
54	1
55	1
56	1
57	1
58	1
59	1
60	1
61	1
62	1
63	1
64	1
65	1
66	1
67	1
68	1
69	1
70	1
71	1
72	1
73	1
74	1
75	1
76	1
77	1
78	1
79	1
80	1
81	1
82	1
83	1
84	1
85	1
86	1
87	1
88	1
89	1
90	1
91	1
92	1
93	1
94	1
95	1
96	1
97	1
98	1
99	1
100	1
101	1
102	1
103	1
104	1
105	1
106	1
107	1
108	1
109	1
110	1
111	1
112	1
113	1
114	1
115	1
116	1
117	1
118	1
119	1
120	1
121	1
122	1
123	1
124	1
125	1
126	1
127	1
128	1
129	1
130	1
131	1
132	1
133	1
134	1
135	1
136	1
137	1
138	1
139	1
140	1
141	1
142	1
143	1
144	1
145	1
146	1
147	1
148	1
149	1
150	1
151	1
152	1
153	1
154	1
155	1
156	1
157	1
158	1
159	1
160	1
161	1
162	1
163	1
164	1
165	1
166	1
167	1
168	1
169	1
170	1
171	1
172	1
173	1
174	1
175	1
176	1
177	1
178	1
179	1
180	1
181	1
182	1
183	1
184	1
185	1
186	1
187	1
188	1
;
*/


